1745269467587 0.66872115888195 0
1745269467653 0.6687492386397329 1
1745269467717 0.6687007329768241 2
1745269467781 0.6688091671139436 3
1745269467845 0.668882338315104 4
1745269467909 0.6688914045763709 5
1745269467973 0.6687412998595414 6
1745269468037 0.6687605732477154 7
1745269468101 0.66881963211038 8
1745269468166 0.6686893891248257 9
1745269468230 0.6687692739851833 10
1745269468295 0.6687167274354926 11
1745269468358 0.6687451749317865 12
1745269468422 0.6687507729538038 13
1745269468486 0.668688418214271 14
1745269468550 0.6687965134041375 15
1745269468616 0.6689280010579284 16
1745269468683 0.6688833075886974 17
1745269468749 0.6687218186735915 18
1745269468813 0.6686875331960318 19
1745269468878 0.6686714510155032 20
1745269468947 0.669100425451368 21
1745269469013 0.6687448174965016 22
1745269469078 0.6686115104085216 23
1745269469142 0.6688686522605538 24
1745269469206 0.6686912685488268 25
1745269469271 0.6689375439637697 26
1745269469335 0.668748517991653 27
1745269469399 0.6685800325119438 28
1745269469464 0.6689835642381708 29
1745269469528 0.6687747044594107 30
1745269469592 0.6689728080552306 31
1745269469656 0.6687293896189799 32
1745269469720 0.6687738307073159 33
1745269469783 0.6688098549265084 34
1745269469846 0.6686388484303131 35
1745269469909 0.6688298171864573 36
1745269469972 0.6686464399821539 37
1745269470037 0.6687057908016568 38
1745269470101 0.6686976996877853 39
1745269470165 0.6687065228121731 40
1745269470229 0.6688103732654467 41
1745269470293 0.6686630908622495 42
1745269470355 0.6687733619586717 43
1745269470419 0.6688231012162561 44
1745269470483 0.6686983693974854 45
1745269470546 0.6687109641766895 46
1745269470609 0.6687858290549049 47
1745269470673 0.6686359601567751 48
1745269470738 0.6687498810025525 49
1745269470802 0.6686386316773965 50
1745269470865 0.6686425195564554 51
1745269470927 0.6687164085169408 52
1745269470991 0.6687719459872639 53
1745269471056 0.6686547543004949 54
1745269471120 0.6687242435908279 55
1745269471183 0.6688942451854515 56
1745269471246 0.6685894443646001 57
1745269471309 0.6687506523964286 58
1745269471372 0.6687451091644645 59
