1745269488599 0.6614238146048563 0
1745269488664 0.6613646712942539 1
1745269488728 0.6614421324891689 2
1745269488791 0.6615446607592803 3
1745269488854 0.6612724043633518 4
1745269488918 0.6613631752080409 5
1745269488982 0.6614763966862335 6
1745269489046 0.661545150595836 7
1745269489109 0.6614879384179493 8
1745269489172 0.6616029099039191 9
1745269489235 0.6613049109455842 10
1745269489299 0.6611477282975525 11
1745269489363 0.6614016325292756 12
1745269489426 0.6613730134409348 13
1745269489488 0.6613632576338502 14
1745269489550 0.6614408218610267 15
1745269489613 0.6613799587782827 16
1745269489678 0.66140661900186 17
1745269489741 0.6610886184002163 18
1745269489804 0.6614381312746224 19
1745269489867 0.6613568839811161 20
1745269489930 0.661353296532577 21
1745269489994 0.6613974165839409 22
1745269490058 0.6611780915198688 23
1745269490122 0.6614426877078794 24
1745269490184 0.6612553644642498 25
1745269490246 0.6612558091399358 26
1745269490310 0.6612215992514652 27
1745269490373 0.6610599472179937 28
1745269490437 0.6611933009112209 29
1745269490499 0.6613337632527452 30
1745269490562 0.6613410855726202 31
1745269490625 0.6614131238040708 32
1745269490688 0.661508936103981 33
1745269490751 0.6613899955649368 34
1745269490815 0.66141900136128 35
1745269490877 0.6615234472832503 36
1745269490940 0.6614751182195636 37
1745269491004 0.6615181371738145 38
1745269491067 0.6612830522179796 39
1745269491130 0.6614870720803256 40
1745269491192 0.6612636201408645 41
1745269491255 0.6611501365563018 42
1745269491318 0.6612571764839678 43
1745269491381 0.661610980700214 44
1745269491445 0.6613416809450251 45
1745269491509 0.6614363332172203 46
1745269491571 0.6613988022234213 47
1745269491633 0.6615052260759381 48
1745269491696 0.6615627099893783 49
1745269491759 0.661366807143407 50
1745269491822 0.6612893792654663 51
1745269491885 0.6612207253067867 52
1745269491947 0.6612494091995313 53
1745269492010 0.6611381783624073 54
1745269492074 0.6614039180159377 55
1745269492138 0.6614663007763938 56
1745269492200 0.6613715920771844 57
1745269492263 0.6612902460845491 58
1745269492325 0.6612280028509593 59
