1745270025584 0.32350175118004837 0
1745270025736 0.1380639862821058 1
1745270025887 0.12514368968222428 2
1745270026039 0.11496881270022304 3
1745270026192 0.11131065185630211 4
1745270026343 0.10824394152603216 5
1745270026493 0.1041648357099405 6
1745270026644 0.10302074484734072 7
1745270026792 0.10158030007724408 8
1745270026942 0.09871208874577725 9
1745270027094 0.10016001765512758 10
1745270027247 0.09714029595255852 11
1745270027398 0.09867013041343954 12
1745270027546 0.09669447263219842 13
1745270027697 0.09819183471647126 14
1745270027847 0.09660345859549664 15
1745270027999 0.09823602667078375 16
1745270028150 0.09734385372311981 17
1745270028298 0.09828002040239948 18
1745270028449 0.09340583208672426 19
1745270028599 0.09648289958497992 20
