1745270043200 0.4777106946265256 0
1745270043353 0.32130758426807543 1
1745270043507 0.3182084040067814 2
1745270043658 0.3056694122155507 3
1745270043810 0.3069062539383217 4
1745270043959 0.30685639604374215 5
1745270044109 0.3044513561990526 6
1745270044260 0.30728159350377543 7
1745270044410 0.30196009124870654 8
1745270044561 0.3057951113912794 9
1745270044714 0.30408012756594904 10
1745270044867 0.3018691116902563 11
1745270045020 0.3023935827612877 12
1745270045173 0.3061149451136589 13
1745270045324 0.3051131357749303 14
1745270045475 0.3033743808887623 15
1745270045625 0.30511443863312404 16
1745270045775 0.3082424877528791 17
1745270045928 0.3063892749834944 18
1745270046081 0.3044316583761462 19
1745270046233 0.2997183990478516 20
1745270046385 0.3021518904632992 21
1745270046535 0.30426818871939626 22
1745270046688 0.3030562667383088 23
1745270046840 0.30319328429522335 24
1745270046990 0.30325372132990097 25
1745270047141 0.30546646713106723 26
1745270047293 0.3053654443665787 27
1745270047444 0.3010546013933641 28
1745270047597 0.30704292119653137 29
1745270047747 0.30013033363554215 30
1745270047898 0.3002825132122746 31
1745270048048 0.3027437236573961 32
1745270048200 0.29999035752481884 33
1745270048350 0.301182878392714 34
1745270048501 0.3021284891940929 35
1745270048652 0.30442178772555456 36
1745270048803 0.3040020684180436 37
1745270048954 0.3012472536166509 38
1745270049104 0.3007827830866531 39
1745270049255 0.3068295286982148 40
1745270049406 0.30610002321225627 41
1745270049557 0.2960964337212068 42
