1745269879591 0.17978471223264933 0
1745269879767 0.08738758421606488 1
1745269879939 0.08250504890198095 2
1745269880112 0.07903958983753842 3
1745269880282 0.07543240986833417 4
1745269880458 0.07453375876691469 5
1745269880630 0.07319066705229624 6
1745269880798 0.07232924787549698 7
1745269880971 0.07020739163488206 8
1745269881140 0.07023378955563574 9
1745269881311 0.06922838474485886 10
1745269881480 0.06798437043671449 11
1745269881656 0.06818049238416952 12
1745269881829 0.06731777123727456 13
1745269882002 0.06649833814763513 14
1745269882173 0.0654882427319023 15
1745269882341 0.06496436769373422 16
1745269882512 0.06542967775163964 17
1745269882684 0.06408670526252266 18
1745269882853 0.0636013347448143 19
1745269883022 0.06379335370368305 20
1745269883192 0.06274017874459753 21
1745269883362 0.06276249063087258 22
1745269883532 0.06138821609681225 23
1745269883700 0.06186407025733152 24
1745269883870 0.06123267393772645 25
1745269884040 0.0606892591111763 26
1745269884210 0.059641013945681526 27
1745269884382 0.06144336645055532 28
1745269884551 0.05950304881382703 29
1745269884721 0.059024006982314074 30
1745269884890 0.05895690462135125 31
1745269885059 0.05949626169143745 32
1745269885227 0.058621004738065155 33
1745269885395 0.058482224487007545 34
1745269885565 0.05891957901693146 35
1745269885734 0.058177450256317084 36
1745269885901 0.0575686535053812 37
1745269886074 0.057044284172383566 38
1745269886243 0.05689770833489901 39
1745269886412 0.057255049403231895 40
1745269886582 0.05663095890512653 41
1745269886754 0.05592717118239837 42
1745269886922 0.05592852580960038 43
1745269887090 0.05523002410362635 44
1745269887260 0.05525839587500572 45
1745269887432 0.054876576824202924 46
1745269887600 0.05578951376208044 47
1745269887768 0.054638859642592144 48
1745269887939 0.05506914976286377 49
1745269888110 0.05388304385925721 50
1745269888278 0.05339530915031732 51
1745269888446 0.0541422305074546 52
1745269888617 0.05480830900922236 53
1745269888787 0.05284069942253449 54
1745269888955 0.052174797376559626 55
1745269889124 0.052440581286538404 56
1745269889294 0.05150653968780969 57
1745269889465 0.0519012390494406 58
1745269889633 0.05188999648977617 59
