1745269620907 0.12147876619125865 0
1745269621046 0.00779696868336528 1
1745269621186 0.006754012449100318 2
1745269621328 0.007198149467745429 3
1745269621464 0.007053184026286478 4
1745269621602 0.005485431895403854 5
1745269621739 0.0065898995542350595 6
1745269621876 0.005766967680957622 7
1745269622013 0.005237317926991856 8
1745269622151 0.0057526123385049695 9
1745269622290 0.005841038338076209 10
1745269622429 0.005004957248431666 11
1745269622567 0.00416295061454329 12
1745269622704 0.004394566967135816 13
1745269622843 0.004401774327352882 14
1745269622980 0.0042412618477240815 15
1745269623116 0.004427680041647149 16
1745269623252 0.003963598080331773 17
1745269623390 0.003341740561642963 18
1745269623529 0.0038857595691897777 19
1745269623665 0.0036146934144349885 20
1745269623803 0.003785104129342972 21
1745269623938 0.003795687069882169 22
1745269624075 0.003910524699493473 23
1745269624211 0.003208923904131821 24
1745269624347 0.0038157000150449744 25
1745269624485 0.003912562924259281 26
1745269624623 0.002758561256712027 27
1745269624760 0.003965808947879552 28
1745269624899 0.0032254470929803814 29
1745269625038 0.003241814627647849 30
1745269625175 0.003516716462778106 31
1745269625312 0.004085066328054278 32
1745269625450 0.0037928021119286288 33
1745269625586 0.002911190976404923 34
1745269625722 0.0032086951766409078 35
1745269625859 0.0030032490927165293 36
1745269625996 0.0035498024024339866 37
1745269626135 0.003933508104891891 38
1745269626270 0.0034198567062977223 39
1745269626408 0.0037894240127753906 40
1745269626544 0.0033995996812808014 41
1745269626680 0.003482043739092165 42
1745269626815 0.002960396080536404 43
1745269626953 0.003978331307566892 44
1745269627091 0.004142773144159114 45
1745269627228 0.003851292617079992 46
1745269627367 0.0034881726625913805 47
1745269627509 0.0033990010471452213 48
1745269627647 0.002833117661661617 49
1745269627785 0.0036496649746489236 50
1745269627923 0.0039547883169203015 51
1745269628063 0.004472135092268072 52
1745269628201 0.004045176632947057 53
1745269628338 0.004086389956963965 54
