1745269325026 0.11849377054126063 0
1745269325177 0.007892041442556034 1
1745269325331 0.0071519413403743105 2
1745269325481 0.005785583230441505 3
1745269325629 0.0063860123166594686 4
1745269325777 0.006099306689279739 5
1745269325924 0.005601222979970288 6
1745269326070 0.0054633886244337465 7
1745269326226 0.005068688196819688 8
1745269326385 0.00499923052693557 9
1745269326538 0.004335342916378763 10
1745269326688 0.00494479235597333 11
1745269326840 0.0034263231572453823 12
1745269326991 0.004347980741827185 13
1745269327138 0.0040500398074918825 14
1745269327286 0.003195922780979099 15
1745269327437 0.002918001472933631 16
1745269327584 0.0038030007185114087 17
1745269327729 0.002857290075687977 18
1745269327875 0.0034843355687246788 19
1745269328022 0.0037459775463102576 20
1745269328172 0.0034859733766231175 21
1745269328319 0.004341371861217756 22
1745269328465 0.003533023643740161 23
1745269328611 0.004451045119109169 24
1745269328758 0.004154489617663551 25
1745269328905 0.0031045826530486723 26
1745269329052 0.0033144570907406297 27
1745269329197 0.004204994856065 28
1745269329342 0.003761197924108706 29
1745269329489 0.003336450950222948 30
1745269329637 0.0033999449415769625 31
1745269329783 0.003455432852485484 32
1745269329929 0.0037707853306396346 33
1745269330075 0.005162847946538315 34
1745269330224 0.00420387714184297 35
1745269330372 0.0036483002287377667 36
1745269330518 0.003646151645457134 37
1745269330664 0.0033215498835213065 38
1745269330808 0.003522618588850573 39
1745269330956 0.0028589530294072484 40
1745269331103 0.0047620849998913466 41
1745269331249 0.003257788939326524 42
1745269331394 0.003775323379555505 43
1745269331537 0.003662710402946908 44
1745269331683 0.004227787959452271 45
1745269331830 0.004167713755750987 46
1745269331975 0.0030064506427130047 47
1745269332120 0.004242574777542119 48
1745269332267 0.002918467779604744 49
1745269332413 0.00301067312269605 50
1745269332557 0.002539897233813918 51
1745269332702 0.0029093210261376917 52
1745269332850 0.0030319951008326218 53
1745269332996 0.0020236027110249006 54
1745269333142 0.0029010786101390084 55
1745269333287 0.002122637466937334 56
1745269333433 0.0024794472427488675 57
1745269333579 0.002232811463883943 58
1745269333724 0.0025484712571313527 59
