1745270037888 0.3687886079042046 0
1745270038043 0.21884651329782273 1
1745270038195 0.1897769966473182 2
1745270038345 0.1712387433482541 3
1745270038495 0.16593924377803448 4
1745270038644 0.15904283493757249 5
1745270038793 0.16101458970871235 6
1745270038942 0.16134469174676472 7
1745270039097 0.1586885615521007 8
1745270039246 0.15773637641911153 9
1745270039394 0.1578470733071919 10
1745270039545 0.15567144663797486 11
1745270039696 0.15803265423410467 12
1745270039845 0.15293786608510548 13
