1745269552811 0.7882546942884272 0
1745269552875 0.7882074957544153 1
1745269552939 0.7883179147676989 2
1745269553001 0.7882567510821602 3
1745269553064 0.7882236082987352 4
1745269553126 0.7883130252361298 5
1745269553188 0.7882540607452393 6
1745269553251 0.7882621018453078 7
1745269553314 0.7883355380188335 8
1745269553377 0.78823599208485 9
1745269553440 0.7882655165412209 10
1745269553503 0.7882366740703582 11
1745269553566 0.7882479588551955 12
1745269553629 0.7882170833240856 13
1745269553691 0.7882856106758118 14
1745269553753 0.7883014254136519 15
1745269553816 0.7882428000190042 16
1745269553878 0.7882448304783214 17
1745269553940 0.788296264626763 18
1745269554003 0.7882548671418971 19
1745269554066 0.788237690708854 20
1745269554130 0.7882733465324748 21
1745269554193 0.7882874326272444 22
1745269554255 0.7882872787388888 23
1745269554317 0.7882399713993072 24
1745269554380 0.7882761438326402 25
1745269554442 0.7882430278171193 26
1745269554505 0.788246238231659 27
1745269554568 0.7883394688909704 28
1745269554631 0.7882820212841034 29
1745269554694 0.7882725112004714 30
1745269554757 0.7882404718615792 31
1745269554820 0.788290069103241 32
1745269554882 0.7882511671022935 33
1745269554945 0.7882584542577917 34
1745269555007 0.7882350635528564 35
1745269555070 0.7882607034119693 36
1745269555133 0.7882346324487166 37
1745269555195 0.7882265461574901 38
1745269555257 0.7882853764837439 39
1745269555321 0.7883412701433355 40
1745269555384 0.7882907563989813 41
1745269555447 0.7882643960822713 42
1745269555510 0.7882826633886858 43
1745269555572 0.7882539225708355 44
1745269555635 0.7882620578462427 45
1745269555696 0.7882586421749809 46
1745269555758 0.7882877415960485 47
1745269555820 0.7882553320581263 48
1745269555882 0.7882591425288807 49
1745269555944 0.7883109826391393 50
1745269556007 0.7882599604129791 51
1745269556069 0.7882712658968839 52
1745269556131 0.7882450241392309 53
1745269556193 0.788238357630643 54
1745269556257 0.788220627633008 55
1745269556321 0.7882288953390988 56
1745269556385 0.7882822854952378 57
1745269556447 0.788276207447052 58
1745269556509 0.7882000139626589 59
