1745269943716 0.2251815700286327 0
1745269943818 0.08814139281173605 1
1745269943918 0.08396643156340049 2
1745269944020 0.08142163355134913 3
1745269944121 0.079579663562131 4
1745269944222 0.07698508298999944 5
1745269944324 0.07477305612124546 6
1745269944426 0.073190019080228 7
1745269944527 0.07143599520845217 8
1745269944627 0.07123425909174749 9
1745269944728 0.07077489180776936 10
1745269944829 0.06886590451564222 11
1745269944928 0.06718905476719615 12
1745269945029 0.06588265036725985 13
1745269945129 0.06493994038236553 14
1745269945229 0.06492499260441262 15
1745269945329 0.06407190910016997 16
1745269945428 0.06329392128728727 17
1745269945528 0.06256273582291144 18
1745269945627 0.06184677527418371 19
1745269945727 0.06045603029534617 20
1745269945826 0.06063138896230189 21
1745269945926 0.05908360411054813 22
1745269946028 0.05998681242489559 23
1745269946129 0.058952656837515036 24
1745269946228 0.058604394501769505 25
1745269946328 0.05739137699094617 26
1745269946429 0.05690745116878279 27
1745269946528 0.05765218753092123 28
1745269946627 0.05668143876301285 29
1745269946727 0.05614365121079664 30
1745269946826 0.056379440153767106 31
1745269946925 0.05548985145855888 32
1745269947026 0.0553045557386837 33
1745269947126 0.05555150194684961 34
1745269947226 0.055418319387785735 35
1745269947325 0.0546025354991658 36
1745269947425 0.05502906341805569 37
1745269947523 0.05437934513964288 38
1745269947622 0.053937977151137614 39
1745269947721 0.05349589696631144 40
1745269947822 0.053304180961922666 41
1745269947921 0.053090534312443906 42
1745269948021 0.051936516512861096 43
1745269948119 0.0518179411411605 44
1745269948218 0.052239541266252666 45
1745269948317 0.051397517866306225 46
1745269948417 0.05142835259244511 47
1745269948516 0.05180634168881135 48
1745269948616 0.051522612528318884 49
1745269948717 0.05148732950678117 50
1745269948817 0.051556535627274115 51
1745269948917 0.050925467677893854 52
1745269949016 0.05017858977135431 53
1745269949115 0.05068249131934152 54
1745269949215 0.050076052963254236 55
1745269949315 0.04962314677027952 56
1745269949414 0.049949998094816504 57
1745269949513 0.05029230502388611 58
1745269949612 0.04962396235708092 59
