1745269478781 0.7572079012967851 0
1745269478846 0.7571068639131278 1
1745269478911 0.7571130772399595 2
1745269478975 0.757179919275213 3
1745269479039 0.7570988435737536 4
1745269479102 0.7571141284579029 5
1745269479166 0.7572667823084337 6
1745269479231 0.7574504899863087 7
1745269479296 0.757160983101039 8
1745269479361 0.757288494479868 9
1745269479425 0.757338173458765 10
1745269479488 0.7569709796705231 11
1745269479551 0.757108851280274 12
1745269479615 0.7572615224633348 13
1745269479679 0.7572377616831482 14
1745269479744 0.7570307004432494 15
1745269479809 0.7570721843130946 16
1745269479878 0.7570780324050028 17
1745269479944 0.7570454517743507 18
1745269480008 0.7571843005536254 19
1745269480072 0.7572601320092628 20
1745269480136 0.757110612457904 21
1745269480199 0.7570250862442042 22
1745269480262 0.7571896861558585 23
1745269480325 0.757071525869539 24
1745269480389 0.7570154890297688 25
1745269480453 0.7570880393411886 26
1745269480517 0.757281748466615 27
1745269480581 0.7571369600218987 28
1745269480644 0.7572693910467798 29
1745269480708 0.7569640276890387 30
1745269480771 0.757144551284864 31
1745269480835 0.7570672342388233 32
1745269480898 0.757310279640512 33
1745269480961 0.7570801985860833 34
1745269481024 0.7571453751577892 35
1745269481087 0.757159046383397 36
1745269481151 0.7571237196059527 37
1745269481216 0.7572422619782665 38
1745269481279 0.7570513193172091 39
1745269481342 0.7573036901014879 40
1745269481406 0.7572965054789345 41
1745269481470 0.7572205037793358 42
1745269481533 0.7571792486025944 43
1745269481596 0.7571723398561432 44
1745269481658 0.7574247934513986 45
1745269481722 0.7571547734332971 46
1745269481785 0.7569492816539881 47
1745269481848 0.7572635992855941 48
1745269481911 0.7570808223645791 49
1745269481975 0.7571475490422164 50
1745269482039 0.7571678208804092 51
1745269482103 0.7571118292978006 52
1745269482168 0.7571518758194512 53
1745269482232 0.757433115087919 54
1745269482295 0.7571644855238895 55
1745269482358 0.7570804975722256 56
1745269482421 0.7570451600100959 57
1745269482484 0.7572127018298395 58
1745269482547 0.7570873858085164 59
