1745269956292 0.1510055277797306 0
1745269956658 0.09958918663704228 1
1745269957021 0.08843679994107337 2
1745269957383 0.08179991572640812 3
1745269957744 0.07845080342075782 4
1745269958108 0.07699434829358454 5
1745269958470 0.071561937869096 6
1745269958833 0.0717599409935507 7
1745269959191 0.0683629551932785 8
1745269959549 0.06644367877810389 9
1745269959904 0.06627552716112171 10
1745269960266 0.06422301024982059 11
1745269960622 0.06410298057394481 12
1745269960982 0.06436002108865932 13
1745269961341 0.06326669398986486 14
1745269961702 0.06225392411312002 15
1745269962062 0.06065699126901777 16
1745269962425 0.06101082201313181 17
1745269962786 0.060487981710497594 18
1745269963144 0.060372295995399165 19
1745269963515 0.059747406911994316 20
1745269963881 0.06085367728461252 21
1745269964246 0.05994684858156403 22
1745269964609 0.058087097417836145 23
1745269964974 0.059870178285456495 24
1745269965339 0.05919011524512728 25
1745269965699 0.06015411795008995 26
1745269966060 0.05782114568181557 27
1745269966425 0.05678288981939666 28
1745269966786 0.05864679482000271 29
1745269967153 0.05958490423920429 30
1745269967513 0.05804966172351075 31
1745269967879 0.05649795073829557 32
1745269968246 0.05819559417517273 33
1745269968618 0.05646532695188081 34
1745269968979 0.057319361680173264 35
1745269969349 0.05757385970017185 36
1745269969711 0.05612545780312047 37
1745269970076 0.05533007794670037 38
1745269970437 0.05558395821487241 39
1745269970801 0.055950653339229196 40
1745269971164 0.05481971516557172 41
1745269971527 0.05490160299661963 42
1745269971885 0.05525932424681725 43
1745269972244 0.05474759677407607 44
1745269972604 0.05534703520919785 45
