1745269898948 0.18712746666882324 0
1745269899115 0.1049972981059303 1
1745269899283 0.09745567548468156 2
1745269899451 0.09088778919850786 3
1745269899621 0.08543265090134271 4
1745269899797 0.08204783514245517 5
1745269899970 0.0783429739507092 6
1745269900141 0.07731468154626243 7
1745269900310 0.07785925549998259 8
1745269900480 0.07496184388076978 9
1745269900647 0.07491891325658394 10
1745269900816 0.07306870173835368 11
1745269900986 0.07137893682188709 12
1745269901156 0.07037125412116034 13
1745269901324 0.07247283523091702 14
1745269901492 0.06938471250379398 15
1745269901660 0.06905964741927434 16
1745269901830 0.06847203020276438 17
1745269901998 0.06729411688864881 18
1745269902166 0.06727160298131214 19
1745269902333 0.06422584210994609 20
1745269902503 0.06668197398864019 21
1745269902671 0.0643765484417047 22
1745269902837 0.06357088830791259 23
1745269903006 0.06470529334211876 24
1745269903174 0.06394952580762846 25
1745269903341 0.0646083135808887 26
1745269903508 0.0633637272702806 27
1745269903675 0.062438209410347216 28
1745269903844 0.062113143512376186 29
1745269904010 0.06187861774393056 30
1745269904176 0.061251971949362896 31
1745269904343 0.06253722397241963 32
1745269904509 0.061907001672540596 33
1745269904675 0.06150357856713116 34
1745269904842 0.06035582648137931 35
1745269905008 0.0609030798248474 36
1745269905175 0.059349816946067016 37
1745269905352 0.060223780640206115 38
1745269905520 0.0609456480011155 39
1745269905688 0.06026518846448097 40
1745269905856 0.05951823550658042 41
1745269906022 0.059130998545018264 42
1745269906191 0.05844440218421938 43
1745269906362 0.058776643058362193 44
1745269906531 0.05814391282812711 45
1745269906697 0.05816946787665685 46
1745269906866 0.057606947034003465 47
1745269907036 0.05715652541613304 48
1745269907205 0.056297392280733556 49
1745269907372 0.053024338217562736 50
1745269907539 0.054437638315413574 51
1745269907707 0.0542309541930734 52
1745269907884 0.05347246939838959 53
1745269908053 0.05417811906669099 54
1745269908219 0.05349768093451689 55
1745269908386 0.05186773746953111 56
1745269908561 0.05311154254876375 57
1745269908728 0.052471891887448205 58
1745269908893 0.051607325583291154 59
