1745269603525 0.11239082811209797 0
1745269603662 0.011207147638967647 1
1745269603800 0.007920299661272194 2
1745269603940 0.006991183825059424 3
1745269604076 0.00713071749142218 4
1745269604214 0.006741748667027158 5
1745269604350 0.007038180362889873 6
1745269604485 0.005887188444449598 7
1745269604622 0.005914014489257205 8
1745269604758 0.00544102683686766 9
1745269604894 0.005373648246413358 10
1745269605033 0.004784058215136359 11
1745269605168 0.004297625447150247 12
1745269605308 0.0035650113349192207 13
1745269605444 0.004258567610176221 14
1745269605580 0.003538107946667809 15
1745269605717 0.0037976198203200995 16
1745269605853 0.004044409621569684 17
1745269605989 0.005155922513134497 18
1745269606125 0.004464434574168489 19
1745269606261 0.0035075295498190255 20
1745269606397 0.004414749289865229 21
1745269606532 0.003967965008399919 22
1745269606670 0.004369880946105146 23
1745269606806 0.003278664992727971 24
1745269606942 0.003421077132306757 25
1745269607078 0.0034795063185675545 26
1745269607217 0.0046398144483696495 27
1745269607354 0.004379177542911178 28
1745269607491 0.0031983632380700147 29
1745269607626 0.003918299844728504 30
1745269607764 0.003009512515145734 31
1745269607899 0.0036932370234919296 32
1745269608040 0.0036181390319244104 33
1745269608177 0.004273041893265499 34
1745269608312 0.0032836013795488075 35
1745269608447 0.004121882224309153 36
1745269608583 0.0036290186744768285 37
1745269608720 0.004188044212424153 38
1745269608854 0.0033904375114067373 39
1745269608991 0.004114150238962912 40
1745269609126 0.0029662849455210348 41
1745269609261 0.003109478367699002 42
1745269609397 0.003473840408161375 43
1745269609533 0.003447085218762113 44
1745269609670 0.004666861342808558 45
1745269609807 0.00422988871668947 46
1745269609943 0.004107294596218906 47
1745269610080 0.0034517597680626387 48
1745269610215 0.0037792530091437233 49
1745269610350 0.0033966474664572613 50
1745269610486 0.004319331838873224 51
1745269610622 0.003286357458863258 52
