1745270015358 0.6449157970922964 0
1745270015507 0.5987126640037254 1
1745270015656 0.5897285935172328 2
1745270015805 0.5886135623631654 3
1745270015955 0.5885158186930197 4
1745270016104 0.5885162045337535 5
1745270016257 0.5885205757176435 6
1745270016410 0.5885117458414149 7
1745270016564 0.5885155840714773 8
1745270016714 0.5885112449857923 9
1745270016863 0.5885141219474651 10
1745270017013 0.5885115522366983 11
1745270017162 0.588496870332294 12
1745270017314 0.5885321105409551 13
1745270017466 0.5885083222389221 14
1745270017616 0.5885329634171945 15
1745270017767 0.5885187228079195 16
1745270017915 0.5885194402270847 17
1745270018069 0.588512934755396 18
1745270018222 0.5885203220667663 19
1745270018372 0.588514056470659 20
1745270018523 0.5885135226337997 21
1745270018675 0.5885111150476667 22
1745270018826 0.5885137965502563 23
1745270018980 0.5885117527732143 24
1745270019130 0.5885072861777412 25
1745270019281 0.5885171238581339 26
1745270019433 0.5885179949248278 27
1745270019584 0.5885244864887661 28
1745270019734 0.588503061444671 29
1745270019887 0.5885230675450078 30
1745270020039 0.588509686478862 31
1745270020190 0.5885165796456514 32
