1745269021701 0.3572072132048032 0
1745269021736 0.06581610594116521 1
1745269021771 0.051566617389569545 2
1745269021805 0.04613775907766325 3
1745269021842 0.04639677911318165 4
1745269021877 0.03907636694563883 5
1745269021912 0.038287062145547085 6
1745269021947 0.03665424901408458 7
1745269021981 0.03544251815863209 8
1745269022016 0.029445541855258196 9
1745269022051 0.028904105982872623 10
1745269022086 0.028870568782015955 11
1745269022121 0.028342260264704648 12
1745269022156 0.025504041993139874 13
1745269022191 0.022486638536955726 14
1745269022225 0.023930097162619793 15
1745269022259 0.023759906218756507 16
1745269022293 0.022143664977051204 17
1745269022327 0.017214771953040615 18
1745269022362 0.018138572740773393 19
1745269022396 0.017479062074121657 20
1745269022431 0.015993976033820485 21
1745269022465 0.015323262091206866 22
1745269022499 0.014997264492218505 23
1745269022533 0.012639839769076712 24
1745269022568 0.013061300014106752 25
1745269022603 0.012660157991199784 26
1745269022637 0.013787117782351933 27
1745269022672 0.00960801194915119 28
1745269022706 0.010831844742239046 29
1745269022740 0.010431611265682239 30
1745269022774 0.00933480022758797 31
1745269022808 0.010677998322998749 32
1745269022843 0.009515611599045948 33
1745269022877 0.00859949741500009 34
1745269022913 0.008474036741059293 35
1745269022947 0.009044418151099362 36
1745269022981 0.006459502000430623 37
1745269023014 0.007380252487545225 38
1745269023049 0.007601302711780706 39
1745269023083 0.006382154424924975 40
1745269023117 0.008281941941942825 41
1745269023151 0.004768335197070227 42
1745269023185 0.009003395060331744 43
1745269023219 0.005012976244528346 44
1745269023254 0.006336007260025784 45
1745269023289 0.006584371282620038 46
1745269023323 0.007928401140483028 47
1745269023357 0.006752626360365705 48
1745269023392 0.0059740643439520685 49
1745269023426 0.007633629440333937 50
1745269023460 0.006328946191060207 51
1745269023494 0.005378587254834428 52
1745269023528 0.004319762636322961 53
1745269023563 0.004896643897793621 54
1745269023597 0.004102204551339828 55
1745269023631 0.005312924400969762 56
1745269023665 0.007286202439135718 57
1745269023699 0.00453603899700684 58
1745269023734 0.0035992156461488486 59
