1745270064169 0.08687759796114362 0
1745270064505 0.06771795399783716 1
1745270064829 0.06379507202458087 2
1745270065158 0.05953178220353611 3
1745270065480 0.05500985552015023 4
1745270065802 0.053360046498156656 5
1745270066112 0.053113864956970715 6
1745270066431 0.05012881889882469 7
1745270066763 0.04986905410449928 8
1745270067097 0.04875732538499538 9
1745270067412 0.04782099551988531 10
1745270067703 0.04755168495839485 11
1745270068009 0.045466194982464216 12
1745270068310 0.04533746144564133 13
1745270068605 0.04472767261541028 14
1745270068935 0.04102867391059502 15
1745270069267 0.041830980484971705 16
1745270069582 0.0409632377663509 17
1745270069895 0.04136983537530071 18
1745270070190 0.039906560373655614 19
1745270070510 0.03972814211472637 20
1745270070835 0.037866782145014356 21
1745270071169 0.03772035598789927 22
1745270071486 0.03764673366367342 23
1745270071802 0.03738178633873364 24
1745270072133 0.03727066509243637 25
1745270072458 0.03702736410793292 26
1745270072771 0.03577262191978938 27
1745270073059 0.03528194931925442 28
1745270073354 0.036256976082983415 29
1745270073681 0.035825591734252 30
1745270074006 0.034155914196531044 31
1745270074347 0.03398833578338387 32
1745270074639 0.0337516957987847 33
1745270074942 0.03334201092206507 34
1745270075252 0.032109175733925084 35
1745270075572 0.03194119124320091 36
1745270075888 0.031861970453506416 37
1745270076224 0.035679544891799024 38
1745270076559 0.030819466611616508 39
1745270076870 0.03229653751129132 40
